50 10
4 20
4 4 4 4 4 4 4 4 4 4 4 4 4 4 4 4 4 4 4 4 4 4 4 4 4 4 4 4 4 4 4 4 4 4 4 4 4 4 4 4 4 4 4 4 4 4 4 4 4 4 
20 20 20 20 20 20 20 20 20 20 
1 2 7 9 
1 3 8 10 
4 5 6 7 
2 4 6 10 
3 5 8 9 
1 6 9 10 
2 3 5 7 
4 5 6 8 
7 8 9 10 
1 2 3 4 
3 6 7 10 
1 2 5 9 
2 3 4 8 
5 6 8 10 
1 4 7 9 
2 3 4 5 
1 6 8 10 
2 7 8 9 
3 5 9 10 
1 4 6 7 
1 2 3 7 
4 6 9 10 
4 5 8 10 
3 5 7 9 
1 2 6 8 
2 3 5 10 
6 7 8 9 
1 4 7 10 
2 5 8 9 
1 3 4 6 
1 3 8 10 
2 5 6 7 
2 4 7 9 
3 6 9 10 
1 4 5 8 
1 2 4 9 
3 7 8 10 
4 5 6 8 
6 7 9 10 
1 2 3 5 
2 3 5 9 
1 4 7 10 
3 5 6 8 
1 4 9 10 
2 6 7 8 
1 2 5 6 
7 8 9 10 
2 3 4 8 
1 5 6 10 
3 4 7 9 
1 2 6 10 12 15 17 20 21 25 28 30 31 35 36 40 42 44 46 49 
1 4 7 10 12 13 16 18 21 25 26 29 32 33 36 40 41 45 46 48 
2 5 7 10 11 13 16 19 21 24 26 30 31 34 37 40 41 43 48 50 
3 4 8 10 13 15 16 20 22 23 28 30 33 35 36 38 42 44 48 50 
3 5 7 8 12 14 16 19 23 24 26 29 32 35 38 40 41 43 46 49 
3 4 6 8 11 14 17 20 22 25 27 30 32 34 38 39 43 45 46 49 
1 3 7 9 11 15 18 20 21 24 27 28 32 33 37 39 42 45 47 50 
2 5 8 9 13 14 17 18 23 25 27 29 31 35 37 38 43 45 47 48 
1 5 6 9 12 15 18 19 22 24 27 29 33 34 36 39 41 44 47 50 
2 4 6 9 11 14 17 19 22 23 26 28 31 34 37 39 42 44 47 49 
